0.886017628205
0.852063301282
0.832431891026
0.771834935897
0.731670673077
0.681991185897
0.633012820513
0.624499198718
0.571814903846
0.557592147436
0.529947916667
0.542568108974
0.513020833333
0.504306891026
0.493689903846
0.490885416667
0.465544871795
0.471554487179
0.456830929487
0.476762820513
0.446915064103
0.453225160256
0.433193108974
0.444611378205
0.42828525641
0.429186698718
0.415264423077
0.429487179487
0.39983974359
0.417467948718
0.392828525641
0.409555288462
0.384815705128
0.406350160256
0.397135416667
0.398537660256
0.383914262821
0.391225961538
0.372195512821
0.383313301282
0.368189102564
0.37890625
0.362379807692
0.370993589744
0.356169871795
0.36578525641
0.353064903846
0.361578525641
0.342047275641
0.359274839744
0.332932692308
0.35016025641
0.327123397436
0.355969551282
0.319010416667
0.342848557692
0.332632211538
0.335236378205
0.318810096154
0.332131410256
0.333233173077
0.342247596154
0.313501602564
0.323317307692
0.310496794872
0.33062900641
0.325721153846
0.335036057692
0.300580929487
0.317908653846
0.286358173077
0.31640625
0.307491987179
0.310596955128
0.310797275641
0.305588942308
0.302984775641
0.298177083333
0.282151442308
0.315304487179
0.274138621795
0.316005608974
0.275340544872
0.293369391026
0.267427884615
0.311498397436
0.284855769231
0.30218349359
0.262820512821
0.285957532051
0.287159455128
0.289563301282
0.280548878205
0.274238782051
0.254306891026
0.298778044872
0.270733173077
0.290264423077
0.255108173077
0.285556891026
0.250200320513
0.269030448718
0.244791666667
0.287560096154
0.260016025641
0.267127403846
0.240284455128
0.275240384615
0.254106570513
0.260917467949
0.243289262821
0.273337339744
0.237079326923
0.269831730769
0.237379807692
0.258914262821
0.228866185897
0.271033653846
0.250901442308
0.249899839744
0.240284455128
0.261518429487
0.234375
0.257612179487
0.227063301282
0.243790064103
0.231169871795
0.247896634615
0.22516025641
0.249499198718
0.210136217949
0.250600961538
0.23046875
0.246294070513
0.218048878205
0.241185897436
0.22125400641
0.237580128205
0.21875
0.244391025641
0.22125400641
0.233874198718
0.218549679487
0.234775641026
0.208333333333
0.231670673077
0.203926282051
0.237179487179
0.212439903846
0.228866185897
0.195112179487
0.223557692308
0.215645032051
0.230969551282
0.191306089744
0.223858173077
0.192608173077
0.226963141026
0.202123397436
0.217648237179
0.187199519231
0.210737179487
0.177584134615
0.206229967949
0.204427083333
0.207832532051
0.20452724359
0.207732371795
0.19921875
0.209334935897
0.203725961538
0.198617788462
0.178084935897
0.201522435897
0.199318910256
0.224659455128
0.190204326923
0.207431891026
0.178886217949
0.201422275641
0.176282051282
0.194811698718
0.182091346154
0.205729166667
0.173778044872
0.19140625
0.171274038462
0.206229967949
0.189603365385
0.194711538462
0.175180288462
0.19391025641
0.16937099359
0.192708333333
0.178786057692
0.189302884615
0.155148237179
0.202223557692
0.166766826923
0.189503205128
