0.867387820513
0.830128205128
0.802584134615
0.790264423077
0.769431089744
0.756310096154
0.717447916667
0.704727564103
0.658854166667
0.64202724359
0.602263621795
0.598157051282
0.552083333333
0.564102564103
0.522335737179
0.540665064103
0.491686698718
0.514322916667
0.462239583333
0.492688301282
0.439403044872
0.489883814103
0.417467948718
0.468449519231
0.395733173077
0.444310897436
0.373397435897
0.454727564103
0.437199519231
0.419971955128
0.420572916667
0.418970352564
0.402744391026
0.391225961538
0.368790064103
0.379206730769
0.330929487179
0.401943108974
0.359375
0.385616987179
0.336939102564
0.353966346154
0.319310897436
0.355268429487
0.296774839744
0.329026442308
0.27874599359
0.32281650641
0.310596955128
0.355769230769
0.270833333333
0.327724358974
0.2578125
0.317207532051
0.264322916667
0.304487179487
0.244791666667
0.288461538462
0.238982371795
0.280448717949
0.21624599359
0.270232371795
0.203525641026
0.275340544872
0.228465544872
0.252904647436
0.204026442308
0.251602564103
0.199318910256
0.275340544872
0.18108974359
0.241887019231
0.186999198718
0.240384615385
0.155749198718
0.216346153846
0.156450320513
0.230669070513
0.172475961538
0.192007211538
0.154447115385
0.208333333333
0.132612179487
0.236478365385
0.156550480769
0.178084935897
0.120492788462
0.175080128205
0.115885416667
0.208233173077
0.100260416667
0.170673076923
0.0960536858974
0.196013621795
0.146534455128
0.154947916667
0.121294070513
0.176282051282
0.116386217949
0.126903044872
0.088141025641
0.153044871795
0.0723157051282
0.19671474359
0.0708133012821
0.141526442308
0.113381410256
0.167868589744
0.0547876602564
0.178585737179
0.0986578525641
0.119891826923
0.0549879807692
0.114983974359
0.0843349358974
0.145432692308
0.0787259615385
0.129206730769
0.0493790064103
0.134915865385
0.0382612179487
0.118489583333
0.0765224358974
0.115885416667
0.0361578525641
0.102063301282
0.0267427884615
0.0905448717949
0.0682091346154
0.104366987179
0.0474759615385
0.0879407051282
0.0432692307692
0.0782251602564
0.0386618589744
0.0827323717949
0.0320512820513
0.0670072115385
0.0236378205128
0.0666065705128
0.0216346153846
0.0583934294872
0.0205328525641
0.0616987179487
0.0150240384615
0.0933493589744
0.029547275641
0.0433693910256
0.0232371794872
0.0682091346154
0.0192307692308
0.0901442307692
0.0160256410256
0.0459735576923
0.0185296474359
0.0751201923077
0.00901442307692
0.0690104166667
0.0159254807692
0.0548878205128
0.00761217948718
0.0483774038462
0.00691105769231
0.0422676282051
0.00400641025641
0.0398637820513
0.00480769230769
0.0321514423077
0.0164262820513
0.0271434294872
0.00370592948718
0.0457732371795
0.0103165064103
0.0202323717949
0.00460737179487
0.021734775641
0.00610977564103
0.0526842948718
0.00921474358974
0.0147235576923
0.00280448717949
0.0154246794872
0.00230368589744
0.0343549679487
0.00330528846154
0.0306490384615
0.00140224358974
0.0168269230769
0.00110176282051
0.0174278846154
0.00380608974359
0.017327724359
0.00170272435897
0.0508814102564
0.00210336538462
0.00701121794872
0.000801282051282
0.0141225961538
0.000400641025641
0.0215344551282
