0.814603365385
0.713641826923
0.665665064103
0.642528044872
0.610376602564
0.600861378205
0.574519230769
0.565204326923
0.538161057692
0.529947916667
0.502103365385
0.500300480769
0.475460737179
0.474659455128
0.453325320513
0.440104166667
0.431790865385
0.434194711538
0.410757211538
0.412259615385
0.411758814103
0.401742788462
0.394230769231
0.394631410256
0.381009615385
0.389122596154
0.366987179487
0.371294070513
0.359575320513
0.366586538462
0.351662660256
0.352864583333
0.340044070513
0.354166666667
0.337139423077
0.337139423077
0.321814903846
0.336939102564
0.316306089744
0.319811698718
0.312800480769
0.311197916667
0.316105769231
0.308994391026
0.304086538462
0.315905448718
0.288561698718
0.299579326923
0.283153044872
0.302283653846
0.287860576923
0.281450320513
0.281750801282
0.287860576923
0.26422275641
0.277744391026
0.266326121795
0.277744391026
0.253205128205
0.259715544872
0.253405448718
0.267227564103
0.249799679487
0.258012820513
0.239583333333
0.25
0.239783653846
0.246594551282
0.238181089744
0.247395833333
0.229166666667
0.241486378205
0.219751602564
0.233673878205
0.21624599359
0.218549679487
0.20562900641
0.229667467949
0.206730769231
0.221454326923
0.204126602564
0.214142628205
0.191806891026
0.210737179487
0.191306089744
0.200520833333
0.183493589744
0.198617788462
0.177984775641
0.195913461538
0.180588942308
0.196514423077
0.17578125
0.18108974359
0.162560096154
0.188601762821
0.166666666667
0.175280448718
0.159254807692
0.176482371795
0.155949519231
0.170172275641
0.147235576923
0.161358173077
0.152844551282
0.163060897436
0.148938301282
0.161057692308
0.13922275641
0.151141826923
0.140024038462
0.151842948718
0.132712339744
0.143830128205
0.129707532051
0.137920673077
0.12359775641
0.128104967949
0.125500801282
0.129407051282
0.10687099359
0.146935096154
0.110176282051
0.132411858974
0.102664262821
0.12359775641
0.101061698718
0.109174679487
0.118890224359
0.125500801282
0.100360576923
0.118489583333
0.0909455128205
0.106570512821
0.0806290064103
0.110677083333
0.0836338141026
0.0921474358974
0.0749198717949
0.0956530448718
0.0760216346154
0.116185897436
0.0730168269231
0.0905448717949
0.0638020833333
0.0849358974359
0.0922475961538
0.102163461538
0.0578926282051
0.0728165064103
0.0812299679487
0.0753205128205
0.052984775641
0.0987580128205
0.0544871794872
0.0921474358974
0.06640625
0.0706129807692
0.0656049679487
0.0865384615385
0.0606971153846
0.068108974359
0.0460737179487
0.0666065705128
0.0533854166667
0.0692107371795
0.0397636217949
0.0552884615385
0.05859375
0.0572916666667
0.0461738782051
0.0474759615385
0.0261418269231
0.0486778846154
0.0262419871795
0.0875400641026
0.029547275641
0.0356570512821
0.0191306089744
0.0531850961538
0.0531850961538
0.0616987179487
0.0200320512821
0.072015224359
0.0194310897436
0.0456730769231
0.0366586538462
0.0370592948718
0.0405649038462
0.0544871794872
0.0274439102564
0.0418669871795
0.0101161858974
0.0322516025641
0.0161258012821
0.0237379807692
0.0109174679487
0.0572916666667
0.0143229166667
0.0266426282051
