0.9375
0.84375
0.84375
0.84375
0.84375
0.8203125
0.78125
0.7109375
0.6484375
0.671875
0.65625
0.6640625
0.6640625
0.6796875
0.609375
0.609375
0.59375
0.6015625
0.625
0.6171875
0.578125
0.5625
0.5390625
0.578125
0.5234375
0.5625
0.5234375
0.53125
0.484375
0.5
0.4921875
0.5234375
0.453125
0.46875
0.4375
0.484375
0.40625
0.46875
0.3828125
0.4609375
0.375
0.390625
0.3515625
0.4609375
0.3515625
0.375
0.3828125
0.4140625
0.3203125
0.3359375
0.328125
0.4140625
0.3125
0.359375
0.2734375
0.3828125
0.2578125
0.328125
0.2578125
0.3515625
0.2421875
0.34375
0.2421875
0.3828125
0.21875
0.28125
0.234375
0.265625
0.203125
0.359375
0.1640625
0.3515625
0.28125
0.359375
0.1484375
0.3515625
0.140625
0.2578125
0.140625
0.3203125
0.265625
0.3125
0.1328125
0.3125
0.2109375
0.2890625
0.1796875
0.2890625
0.1953125
0.234375
0.09375
0.2109375
0.125
0.203125
0.0859375
0.1796875
0.140625
0.1953125
0.0859375
0.21875
0.125
0.1796875
0.140625
0.1796875
0.0859375
0.1875
0.0625
0.109375
0.0625
0.1484375
0.09375
0.171875
0.0390625
0.1640625
0.0546875
0.1953125
0.0625
0.1328125
0.0703125
0.1328125
0.0703125
0.1328125
0.0390625
0.078125
0.0625
0.171875
0.0546875
0.0703125
0.0625
0.140625
0.046875
0.0625
0.0390625
0.1015625
0.046875
0.078125
0.03125
0.078125
0.03125
0.0546875
0.0390625
0.1328125
0.0234375
0.03125
0.0234375
0.125
0.015625
0.0390625
0.0234375
0.109375
