0.736378205128
0.616987179487
0.560396634615
0.541666666667
0.485677083333
0.487580128205
0.444210737179
0.461338141026
0.439302884615
0.437199519231
0.397335737179
0.422676282051
0.376302083333
0.401241987179
0.375801282051
0.380208333333
0.352864583333
0.371193910256
0.320512820513
0.373898237179
0.309294871795
0.353265224359
0.285757211538
0.346153846154
0.311899038462
0.320112179487
0.274038461538
0.31891025641
0.270733173077
0.307091346154
0.247796474359
0.302584134615
0.280048076923
0.301983173077
0.22906650641
0.276842948718
0.253305288462
0.273838141026
0.23828125
0.275040064103
0.195913461538
0.260516826923
0.188802083333
0.242387820513
0.216045673077
0.246694711538
0.174278846154
0.223157051282
0.149238782051
0.222856570513
0.133313301282
0.203325320513
0.199919871795
0.241586538462
0.169771634615
0.186899038462
0.118890224359
0.193309294872
0.17828525641
0.166165865385
0.152043269231
0.180989583333
0.140725160256
0.214443108974
0.112279647436
0.165364583333
0.126502403846
0.153044871795
0.0809294871795
0.150240384615
0.0845352564103
0.127604166667
0.128806089744
0.126802884615
0.107672275641
0.122796474359
0.0572916666667
0.107572115385
0.0492788461538
0.205428685897
0.103265224359
0.0973557692308
0.0822315705128
0.112580128205
0.0455729166667
0.0890424679487
0.0795272435897
0.152844551282
0.0536858974359
0.0755208333333
0.0323517628205
0.0890424679487
0.0718149038462
0.166466346154
0.0338541666667
0.133814102564
0.0268429487179
0.147836538462
0.0469751602564
0.113982371795
0.0313501602564
0.0789262820513
0.0272435897436
0.0845352564103
0.0224358974359
0.111778846154
0.0247395833333
0.0905448717949
0.0269431089744
0.0912459935897
0.0216346153846
0.0705128205128
0.0182291666667
0.0784254807692
0.0129206730769
0.0815304487179
0.0127203525641
0.0469751602564
0.0153245192308
0.0768229166667
0.0149238782051
0.0350560897436
0.00971554487179
0.0683092948718
0.00961538461538
0.0369591346154
0.00620993589744
0.0364583333333
0.00500801282051
0.0235376602564
0.021734775641
0.0760216346154
0.0130208333333
0.0925480769231
0.00951522435897
0.048577724359
0.00831330128205
0.0193309294872
0.00500801282051
0.0231370192308
0.00580929487179
0.0852363782051
0.0103165064103
0.0254407051282
0.00390625
0.0190304487179
0.00470753205128
0.0175280448718
0.0088141025641
0.0115184294872
0.00590945512821
0.00961538461538
0.00330528846154
0.0112179487179
0.00400641025641
0.079827724359
0.0101161858974
0.0164262820513
0.00240384615385
0.0501802884615
0.00811298076923
0.072516025641
0.0049078525641
0.0199318910256
0.00220352564103
0.0183293269231
0.000901442307692
0.0309495192308
0.00550881410256
0.00901442307692
0.00130208333333
0.0231370192308
0.00320512820513
0.00530849358974
0.00010016025641
0.00861378205128
0.000801282051282
0.010016025641
0.0078125
0.0168269230769
0.00380608974359
0.0365584935897
0.0078125
0.0138221153846
0.00180288461538
0.104867788462
0.00540865384615
0.00761217948718
0.000500801282051
0.00651041666667
0.000500801282051
0.0447716346154
0.00971554487179
0.00310496794872
0.000300480769231
0.0138221153846
0.00200320512821
0.000701121794872
0.0
0.00560897435897
