0.714643429487
0.591045673077
0.554487179487
0.538361378205
0.4921875
0.475060096154
0.448116987179
0.460436698718
0.418569711538
0.431290064103
0.39453125
0.409354967949
0.369891826923
0.381109775641
0.341446314103
0.375500801282
0.355068108974
0.351862980769
0.324118589744
0.338842147436
0.337439903846
0.345052083333
0.308393429487
0.338942307692
0.297776442308
0.322415865385
0.280448717949
0.315304487179
0.271534455128
0.303385416667
0.259615384615
0.299979967949
0.247696314103
0.285657051282
0.253305288462
0.281450320513
0.234675480769
0.277243589744
0.231770833333
0.275741185897
0.231069711538
0.251602564103
0.230869391026
0.251903044872
0.197716346154
0.246895032051
0.19671474359
0.250100160256
0.183393429487
0.223657852564
0.160056089744
0.242688301282
0.193108974359
0.206029647436
0.178485576923
0.215845352564
0.169871794872
0.204627403846
0.153545673077
0.207632211538
0.152143429487
0.17718349359
0.154447115385
0.205028044872
0.122395833333
0.206730769231
0.118990384615
0.177884615385
0.108072916667
0.156350160256
0.148036858974
0.179286858974
0.121895032051
0.177083333333
0.106270032051
0.156951121795
0.112479967949
0.142728365385
0.0819310897436
0.1484375
0.0641025641026
0.123497596154
0.111378205128
0.123697916667
0.0555889423077
0.104667467949
0.0442708333333
0.101262019231
0.114483173077
0.0912459935897
0.102063301282
0.101161858974
0.0862379807692
0.149138621795
0.0600961538462
0.0984575320513
0.0542868589744
0.095953525641
0.0493790064103
0.0816306089744
0.0347556089744
0.124298878205
0.0437700320513
0.0721153846154
0.0366586538462
0.0828325320513
0.0275440705128
0.0614983974359
0.0182291666667
0.0564903846154
0.0513822115385
0.130809294872
0.0327524038462
0.0982572115385
0.0311498397436
0.100861378205
0.0189302884615
0.0851362179487
0.0128205128205
0.0936498397436
0.0198317307692
0.0632011217949
0.0155248397436
0.0574919871795
0.0123197115385
0.0658052884615
0.00871394230769
0.0755208333333
0.00981570512821
0.0511818910256
0.00841346153846
0.0426682692308
0.00480769230769
0.0637019230769
0.00721153846154
0.0343549679487
0.00280448717949
0.0487780448718
0.0116185897436
0.0332532051282
0.00540865384615
0.0374599358974
0.00771233974359
0.0634014423077
0.00971554487179
0.0257411858974
0.0078125
0.0335536858974
0.00450721153846
0.0221354166667
0.00380608974359
0.0330528846154
0.00240384615385
0.0114182692308
0.000801282051282
0.0497796474359
0.00480769230769
0.00991586538462
0.0105168269231
0.0331530448718
0.00500801282051
0.00891426282051
0.00140224358974
0.0193309294872
0.0172275641026
0.0109174679487
0.00410657051282
0.0183293269231
0.0160256410256
0.0164262820513
0.00110176282051
0.0203325320513
0.0161258012821
0.0853365384615
0.0106169871795
0.0400641025641
0.00250400641026
0.0126201923077
0.0010016025641
0.0166266025641
0.00120192307692
0.0561899038462
0.00981570512821
0.00821314102564
0.000200320512821
0.0049078525641
0.00470753205128
0.010016025641
0.00300480769231
0.00270432692308
0.00310496794872
0.0625
0.00430689102564
0.0475761217949
0.00440705128205
0.0230368589744
0.00170272435897
0.00360576923077
0.00150240384615
0.00661057692308
