0.726762820513
0.606570512821
0.544971955128
0.536157852564
0.487379807692
0.475260416667
0.433693910256
0.444911858974
0.411858974359
0.414262820513
0.379306891026
0.400140224359
0.361478365385
0.380709134615
0.347355769231
0.36578525641
0.323016826923
0.349258814103
0.315905448718
0.335637019231
0.297876602564
0.311598557692
0.27203525641
0.335036057692
0.288060897436
0.307792467949
0.26702724359
0.29827724359
0.250400641026
0.289963942308
0.240584935897
0.266326121795
0.252403846154
0.271033653846
0.233573717949
0.26702724359
0.229667467949
0.243189102564
0.205729166667
0.237680288462
0.219150641026
0.220352564103
0.183693910256
0.253004807692
0.190905448718
0.229567307692
0.172576121795
0.205028044872
0.160256410256
0.2109375
0.144030448718
0.215344551282
0.160757211538
0.205729166667
0.13141025641
0.200220352564
0.125600961538
0.178986378205
0.110677083333
0.191806891026
0.129006410256
0.161258012821
0.120392628205
0.156550480769
0.117588141026
0.137419871795
0.103365384615
0.147936698718
0.0882411858974
0.172676282051
0.0873397435897
0.154246794872
0.0761217948718
0.126602564103
0.0628004807692
0.138621794872
0.0660056089744
0.132411858974
0.0600961538462
0.125300480769
0.0496794871795
0.108173076923
0.0631009615385
0.100060096154
0.0445713141026
0.0946514423077
0.0460737179487
0.105568910256
0.0304487179487
0.0744190705128
0.0202323717949
0.104467147436
0.0450721153846
0.0659054487179
0.0198317307692
0.0780248397436
0.0165264423077
0.104266826923
0.0244391025641
0.0882411858974
0.0151241987179
0.0793269230769
0.0192307692308
0.0706129807692
0.0169270833333
0.0639022435897
0.0145232371795
0.0579927884615
0.0161258012821
0.0452724358974
0.00871394230769
0.0578926282051
0.00600961538462
0.0333533653846
0.00400641025641
0.0683092948718
0.00731169871795
0.0952524038462
0.0109174679487
0.0444711538462
0.0150240384615
0.0552884615385
0.00711137820513
0.0513822115385
0.00791266025641
0.0353565705128
0.00440705128205
0.0594951923077
0.00641025641026
0.0555889423077
0.00530849358974
0.0364583333333
0.00300480769231
0.0326522435897
0.00420673076923
0.0339543269231
0.00420673076923
0.0417668269231
0.00270432692308
0.0198317307692
0.0184294871795
0.0631009615385
0.00310496794872
0.0188301282051
0.0112179487179
0.0302483974359
0.00320512820513
0.0509815705128
0.00410657051282
0.0320512820513
0.0129206730769
0.0318509615385
0.00270432692308
0.0180288461538
0.00460737179487
0.0262419871795
0.00220352564103
0.0307491987179
0.00350560897436
0.0172275641026
0.00460737179487
0.0232371794872
0.00520833333333
0.0106169871795
0.00160256410256
0.0143229166667
0.0238381410256
0.0130208333333
0.0010016025641
0.0722155448718
0.00961538461538
0.0578926282051
0.00590945512821
0.0321514423077
0.00500801282051
0.010016025641
0.0029046474359
0.0194310897436
0.00110176282051
0.0372596153846
0.00160256410256
0.0123197115385
0.00170272435897
0.025641025641
0.00230368589744
0.00821314102564
0.000801282051282
0.0137219551282
0.000600961538462
0.00821314102564
0.0132211538462
0.0458733974359
0.010016025641
0.0398637820513
0.00530849358974
0.0107171474359
0.00440705128205
0.0203325320513
0.00480769230769
0.0226362179487
