0.817207532051
0.679587339744
0.610576923077
0.559294871795
0.518830128205
0.480669070513
0.462940705128
0.431891025641
0.389122596154
0.368689903846
0.359074519231
0.321514423077
0.280949519231
0.271133814103
0.262219551282
0.230568910256
0.256009615385
0.221153846154
0.210236378205
0.197616185897
0.157151442308
0.163561698718
0.159755608974
0.157852564103
0.157151442308
0.134915865385
0.124098557692
0.11468349359
0.134815705128
0.134815705128
0.107572115385
0.0902443910256
0.115284455128
0.0802283653846
0.0867387820513
0.0858373397436
0.072015224359
0.0752203525641
0.0804286858974
0.075921474359
0.0789262820513
0.0673076923077
0.0743189102564
0.0899439102564
0.0799278846154
0.0627003205128
0.0493790064103
0.0605969551282
0.0521834935897
0.0520833333333
0.0548878205128
0.0637019230769
0.0409655448718
0.0366586538462
0.0527844551282
0.0546875
0.0609975961538
0.0478766025641
0.0470753205128
0.0399639423077
0.0360576923077
0.0521834935897
0.0399639423077
0.0469751602564
0.0582932692308
0.0555889423077
0.0441706730769
0.0265424679487
0.0411658653846
0.0422676282051
0.0422676282051
0.0512820512821
0.0342548076923
0.0472756410256
0.0467748397436
0.0393629807692
0.0448717948718
0.0369591346154
0.0404647435897
0.0431690705128
0.0417668269231
0.0328525641026
0.0280448717949
0.0374599358974
0.0498798076923
0.0338541666667
0.0360576923077
0.0385616987179
0.0269431089744
0.0359575320513
0.0367588141026
0.0283453525641
0.0353565705128
0.0309495192308
0.0328525641026
0.036858974359
0.0284455128205
0.0418669871795
0.0281450320513
0.0145232371795
0.00671073717949
0.00641025641026
0.00771233974359
0.00520833333333
0.00721153846154
0.00350560897436
0.00410657051282
0.00631009615385
0.00200320512821
0.00440705128205
0.00270432692308
0.00120192307692
0.00120192307692
0.00250400641026
0.00170272435897
0.00190304487179
0.00160256410256
0.000901442307692
0.00270432692308
0.00210336538462
0.000300480769231
0.00150240384615
0.0010016025641
0.00120192307692
0.000200320512821
0.000701121794872
0.00140224358974
0.000500801282051
0.000901442307692
0.000500801282051
0.00140224358974
0.0010016025641
0.00010016025641
0.00140224358974
0.00150240384615
0.000701121794872
0.000500801282051
0.00120192307692
0.00220352564103
0.000300480769231
0.00120192307692
0.000300480769231
0.000300480769231
0.00110176282051
0.000701121794872
0.00120192307692
0.000400641025641
0.0
0.000200320512821
0.000300480769231
