0.818509615385
0.68219150641
0.612079326923
0.55719150641
0.51812900641
0.499298878205
0.46484375
0.425881410256
0.403846153846
0.400340544872
0.352764423077
0.339242788462
0.331931089744
0.321314102564
0.302383814103
0.280248397436
0.271334134615
0.263020833333
0.243088942308
0.239483173077
0.222856570513
0.209234775641
0.212740384615
0.194110576923
0.185897435897
0.188201121795
0.169571314103
0.177083333333
0.180488782051
0.157952724359
0.165865384615
0.157952724359
0.131209935897
0.133112980769
0.162059294872
0.133914262821
0.128405448718
0.128205128205
0.120292467949
0.115885416667
0.125
0.12109375
0.105368589744
0.103365384615
0.105568910256
0.10016025641
0.10016025641
0.115384615385
0.123697916667
0.118990384615
0.0860376602564
0.0987580128205
0.0949519230769
0.0873397435897
0.0913461538462
0.0871394230769
0.0991586538462
0.0795272435897
0.08203125
0.0800280448718
0.115184294872
0.0845352564103
0.0737179487179
0.0828325320513
0.0640024038462
0.0918469551282
0.0877403846154
0.0641025641026
0.0827323717949
0.0906450320513
0.0863381410256
0.084234775641
0.0800280448718
0.0758213141026
0.0637019230769
0.0762219551282
0.0652043269231
0.0733173076923
0.0865384615385
0.0729166666667
0.0696113782051
0.0609975961538
0.0611979166667
0.0657051282051
0.0633012820513
0.0752203525641
0.0691105769231
0.0743189102564
0.048577724359
0.0576923076923
0.0650040064103
0.0636017628205
0.0597956730769
0.0693108974359
0.0687099358974
0.075921474359
0.0495793269231
0.0450721153846
0.0531850961538
0.0416666666667
0.021233974359
0.0239383012821
0.0176282051282
0.0174278846154
0.0142227564103
0.0125200320513
0.00961538461538
0.0143229166667
0.00731169871795
0.0115184294872
0.0105168269231
0.0118189102564
0.0110176282051
0.00540865384615
0.010016025641
0.00480769230769
0.0068108974359
0.0088141025641
0.00861378205128
0.00651041666667
0.00701121794872
0.00671073717949
0.00480769230769
0.00891426282051
0.00711137820513
0.00741185897436
0.00761217948718
0.00560897435897
0.00520833333333
0.00610977564103
0.00560897435897
0.00651041666667
0.00420673076923
0.00671073717949
0.00731169871795
0.00390625
0.00280448717949
0.00560897435897
0.00390625
0.00280448717949
0.00390625
0.00330528846154
0.0029046474359
0.00220352564103
0.00370592948718
0.00671073717949
0.00280448717949
0.00330528846154
0.00400641025641
0.00260416666667
