0.877203525641
0.851262019231
0.811298076923
0.766726762821
0.742588141026
0.732271634615
0.716947115385
0.716546474359
0.706330128205
0.705929487179
0.691205929487
0.690604967949
0.689503205128
0.671875
0.669471153846
0.664463141026
0.668870192308
0.656350160256
0.656049679487
0.646935096154
0.638822115385
0.638922275641
0.637219551282
0.634314903846
0.641927083333
0.627103365385
0.616887019231
0.629106570513
0.611778846154
0.622195512821
0.619391025641
0.619991987179
0.612680288462
0.608573717949
0.608874198718
0.604467147436
0.594250801282
0.592948717949
0.599959935897
0.589543269231
0.593549679487
0.592247596154
0.60406650641
0.581330128205
0.587540064103
0.582131410256
0.587039262821
0.567708333333
0.576322115385
0.567407852564
0.570512820513
0.577624198718
0.557592147436
0.573217147436
0.55328525641
0.563100961538
0.577023237179
0.553185096154
0.54437099359
0.553585737179
0.560897435897
0.560897435897
0.553185096154
0.558894230769
0.538461538462
0.54437099359
0.557391826923
0.537359775641
0.532151442308
0.537560096154
0.536057692308
0.544070512821
0.5234375
0.546674679487
0.528946314103
0.511818910256
0.534354967949
0.533253205128
0.535657051282
0.523237179487
0.528545673077
0.523137019231
0.518329326923
0.528245192308
0.525440705128
0.513521634615
0.530148237179
0.520432692308
0.517628205128
0.516826923077
0.504807692308
0.515725160256
0.507912660256
0.513421474359
0.534054487179
0.504306891026
0.504306891026
0.503605769231
0.516326121795
0.455028044872
0.462439903846
0.466846955128
0.453225160256
0.444210737179
0.450120192308
0.432291666667
0.438100961538
0.452624198718
0.448617788462
0.439202724359
0.451221955128
0.448016826923
0.449419070513
0.445512820513
0.445713141026
0.441005608974
0.441005608974
0.434294871795
0.432391826923
0.437600160256
0.427083333333
0.448517628205
0.430588942308
0.426782852564
0.434795673077
0.439302884615
0.423076923077
0.439503205128
0.423978365385
0.433994391026
0.435797275641
0.434294871795
0.421073717949
0.431891025641
0.435096153846
0.423177083333
0.421574519231
0.428185096154
0.432091346154
0.422175480769
0.407552083333
0.417768429487
0.42327724359
0.40875400641
0.420272435897
0.422876602564
0.427984775641
0.41266025641
0.412860576923
0.422375801282
