0.886017628205
0.81390224359
0.785256410256
0.776842948718
0.743489583333
0.739082532051
0.738581730769
0.723056891026
0.713241185897
0.714342948718
0.702023237179
0.707832532051
0.700821314103
0.69391025641
0.695913461538
0.681390224359
0.682592147436
0.679286858974
0.675380608974
0.670873397436
0.674479166667
0.670572916667
0.673778044872
0.672976762821
0.665164262821
0.662359775641
0.65875400641
0.656049679487
0.659755608974
0.658653846154
0.657051282051
0.648237179487
0.645132211538
0.656951121795
0.663060897436
0.647536057692
0.646734775641
0.638321314103
0.643830128205
0.637419871795
0.633914262821
0.633613782051
0.638721955128
0.640925480769
0.632111378205
0.632512019231
0.622696314103
0.621394230769
0.617588141026
0.61328125
0.617988782051
0.611077724359
0.614883814103
0.615885416667
0.624198717949
0.610977564103
0.616987179487
0.608874198718
0.604967948718
0.60546875
0.608673878205
0.605669070513
0.600460737179
0.585837339744
0.592447916667
0.589142628205
0.597355769231
0.590244391026
0.587640224359
0.586538461538
0.594651442308
0.576522435897
0.577724358974
0.585536858974
0.590144230769
0.588241185897
0.579927884615
0.579126602564
0.588942307692
0.584234775641
0.574318910256
0.562700320513
0.571213942308
0.560897435897
0.561298076923
0.559194711538
0.565504807692
0.560496794872
0.562800480769
0.546674679487
0.562199519231
0.558894230769
0.567207532051
0.558894230769
0.563100961538
0.554387019231
0.542367788462
0.534955929487
0.548878205128
0.520432692308
0.510016025641
0.511017628205
0.506109775641
0.513421474359
0.499499198718
0.511919070513
0.503605769231
0.504306891026
0.499599358974
0.502103365385
0.499198717949
0.500300480769
0.497796474359
0.497796474359
0.5
0.495893429487
0.493790064103
0.494591346154
0.498096955128
0.486278044872
0.492588141026
0.491386217949
0.487580128205
0.491786858974
0.489983974359
0.492287660256
0.488681891026
0.483573717949
0.49469150641
0.487479967949
0.487980769231
0.486177884615
0.487780448718
0.480568910256
0.492287660256
0.485977564103
0.480969551282
0.467147435897
0.477463942308
0.483373397436
0.477163461538
0.473357371795
0.491185897436
0.479366987179
0.478966346154
0.479567307692
0.471955128205
0.473257211538
0.477463942308
0.470653044872
